N03_N03 NA 0.0330011 -0 NA
N03_N03 NA 0.0542999 -0 0.050254336308372
N03_N03 NA 0.022854 -0 0
N03_N03 NA 0.0409684 -0 0.0126202453184659
N03_N03 NA NA NA 0
N03_N03 NA 0.0089968 -0 0
N03_N03 NA 0.0783742 -0 0.0772946377922837
N03_N03 NA 0.0279522 -0 0
N03_N03 NA 0.0246684 -0 0
N03_N03 NA NA NA 0
N03_N03 NA NA NA 0
N03_N03 NA 0.0343216 -0 0.0142385365823286
N03_N03 NA 0.0866433 -0 0.0286537018168636
N03_N03 NA 0.0169494 -0 0.010079145399587
N03_N03 NA 0.00507284 -0 0
N03_N03 NA 0.00632627 -0 0
N03_N03 0.00459752 0.115492 0.0398082 0.0233074673467418
N03_N03 NA NA NA 0
N03_N03 NA 0.063754 -0 0.045065213816728
N03_N03 NA NA NA 0
N03_N03 NA NA NA 0
N03_N03 NA 0.00910683 -0 0.0168820713229023
N03_N03 NA 0.00505068 -0 0
N03_N03 NA NA NA 0
N03_N03 NA 0.0554553 -0 0.0229506119216387
N03_N03 NA 0.573799 -0 0.154856296382821
N03_N03 NA 0.0339341 -0 0
N03_N03 NA 0.104686 -0 0.0719780728675191
N03_N03 NA 0.860449 4.32955e-13 0.17449697941011
N03_N03 NA NA NA 0
N03_N03 NA NA NA 0
N03_N03 NA 0.0172099 -0 0
N03_N03 NA 0.0906 -0 0
N03_N03 NA 0.273274 -0 0.0725085680398199
N03_N03 NA NA NA 0
N03_N03 NA NA NA 0
N03_N03 0.00176262 0.00533825 0.330186 0
N03_N03 NA 0.00684871 -0 0
N03_N03 NA NA NA 0
N03_N03 NA 0.0673218 -0 0
N03_N03 NA 0.0125435 -0 0.0127849378854179
N03_N03 NA NA NA NA
N03_N03 NA 0.00720248 -0 0.0160689713956123
N03_N03 NA 0.0112699 -0 0
N03_N03 NA 0.526204 -0 0.146338603482478
N03_N03 NA NA NA NA
N03_N03 NA 0.0195437 -0 0.0450471965116784
N03_N03 NA NA NA 0
N03_N03 NA 1.2006 -0 0.225729692084103
N03_N03 NA 0.0198824 -0 0
N03_N03 NA NA NA 0
N03_N03 NA NA NA 0
N03_N03 NA 0.0167572 -0 0
N03_N03 NA 0.0114507 -0 0
N03_N03 NA 0.0502669 -0 0.0276134753626946
N03_N03 NA 0.0184684 -0 0
N03_N03 NA 0.256047 -0 0.152561196150627
N03_N03 NA 0.0284662 -0 0.0296741820699305
N03_N03 NA 0.0360046 -0 0.0171733257754449
N03_N03 NA NA NA 0
N03_N03 NA 0.05849 -0 0
N03_N03 NA 0.093359 -0 0.0515684057597475
N03_N03 NA 0.0254385 -0 0
N03_N03 NA 0.0102175 -0 0
N03_N03 NA NA NA 0
N03_N03 NA 3.37352 7.66828e-11 0.498193853425795
N03_N03 NA NA NA 0
N03_N03 NA 0.0528291 -0 0.0136542231670298
N03_N03 NA 0.042488 -0 0
N03_N03 NA NA NA NA
N03_N03 NA 0.0187787 -0 0.0160822628017617
N03_N03 NA NA NA 0
N03_N03 NA NA NA 0
N03_N03 NA 0.0475096 -0 0.0283886246579383
N03_N03 NA NA NA 0
N03_N03 0.00629414 3.36349 0.00187131 0.926490569984461
N03_N03 NA 0.0187043 -0 0
N03_N03 NA NA NA 0
N03_N03 NA 0.01923 -0 0
N03_N03 NA 0.0147528 -0 0
N03_N03 NA 0.00848942 -0 0.0146563337402912
N03_N03 NA 0.0468521 -0 0.0186091624249674
N03_N03 0.00308528 NA NA 0
N03_N03 NA NA NA 0
N03_N03 NA 0.0541651 -0 0.0559071881529468
N03_N03 NA 0.0405199 -0 0
N03_N03 0.00539831 0.0270636 0.199467 0.00883353849814596
N03_N03 NA 0.0151608 -0 0
N03_N03 NA 0.0289565 -0 0
N03_N03 NA 0.012592 -0 0
N03_N03 NA NA NA 0
N03_N03 NA 0.055706 -0 0.021439958668249
N03_N03 NA NA NA 0
N03_N03 NA 0.0277182 -0 0.022631171408712
N03_N03 NA NA NA 0
N03_N03 NA 0.0787946 -0 0.0495153306167398
N03_N03 NA 0.0588227 9.29453e-12 0.0173699726954367
N03_N03 NA 0.0122037 -0 0
N03_N03 NA 0.0223164 -0 0
N03_N03 NA NA NA 0
N03_N03 NA 1.16367 -0 0.328720762187568
N03_N03 0.00156339 0.0048794 0.320406 0
N03_N03 NA NA NA 0
N03_N03 NA 0.0127463 -0 0.0118759609847935
N03_N03 0.00318783 0.0972681 0.0327737 0.0485485494514611
N03_N03 NA 0.0533163 -0 0.0232032287782555
N03_N03 NA NA NA NA
N03_N03 0.00478305 0.0882507 0.0541985 0.0320603395458659
N03_N03 NA NA NA 0
N03_N03 0.00305487 0.0127975 0.238708 0
N03_N03 NA NA NA 0
N03_N03 NA NA NA 0
N03_N03 NA 0.130819 -0 0.0959578107439117
N03_N03 NA 0.0524501 -0 0.013133997539823
N03_N03 NA 0.0778197 -0 0.0551639325245333
N03_N03 NA NA NA 0
N03_N03 NA 0.0196922 -0 0.00501919896968173
N03_N03 NA 0.0149844 -0 0
N03_N03 NA 0.0908898 -0 0.0258182841042238
N03_N03 0.00852476 3.21129 0.00265463 0.589000633896965
N03_N03 NA NA NA 0
N03_N03 NA 0.0630989 -0 0.0114626754049789
N03_N03 NA 0.0579994 -0 0
N03_N03 NA 0.0637166 -0 0.045317520168724
N03_N03 NA 0.112535 -0 0.0590200739527083
N03_N03 NA NA NA 0
N03_N03 0.00611789 3.28169 0.00186425 1.31488640418184
N03_N03 NA NA NA 0
N03_N03 NA 0.443289 -0 0.11727694922188
N03_N03 NA NA NA 0
N03_N03 NA 0.0822099 -0 0.0671304616124413
N03_N03 NA 0.0179634 -0 0.0301047767259584
N03_N03 NA 0.0233242 -0 0.0211683288625912
N03_N03 NA 0.068045 -0 0.0177898541508268
N03_N03 NA 2.01795 7.07429e-12 0.496925958546062
N03_N03 NA NA NA 0
N03_N03 NA NA NA 0
N03_N03 NA 0.0506134 -0 0
N03_N03 NA 0.0120189 -0 0
N03_N03 0.00553225 NA NA 0
N03_N03 NA 0.0171129 -0 0
N03_N03 NA 0.143986 -0 0.0748544416199488
N03_N03 NA 0.0342366 -0 0
N03_N03 NA 0.0175599 -0 0
N03_N03 NA 0.00833725 -0 0
N03_N03 NA 0.0320768 -0 0.0244746768649601
N03_N03 NA 0.121222 -0 0.052077959412915
N03_N03 NA 0.703019 9.31426e-13 0.162136843967994
N03_N03 NA 0.00953575 -0 0.020323252785655
N03_N03 NA NA NA 0
N03_N03 NA 0.0106258 -0 0
N03_N03 NA 0.0156668 -0 0.00950623660608789
N03_N03 NA 0.0549417 -0 0
N03_N03 NA 0.0106408 -0 0.0199070768698936
N03_N03 NA NA NA 0
N03_N03 NA 0.141225 -0 0.045029366269129
N03_N03 NA 0.0301472 -0 0.00713129636084597
N03_N03 NA 0.0125519 -0 0
N03_N03 NA 0.0465302 -0 0
N03_N03 0.00614831 3.29641 0.00186515 1.04560054180303
N03_N03 0.0031419 0.0654921 0.0479738 0
N03_N03 NA 0.0438384 -0 0
N03_N03 NA 0.0178998 -0 0
N03_N03 NA 0.0839429 -0 0
N03_N03 NA NA NA 0
N03_N03 NA NA NA 0
N03_N03 NA 0.0636596 -0 0.0184350289873855
N03_N03 NA 0.0184684 -0 0
N03_N03 NA NA NA 0
N03_N03 NA NA NA 0
N03_N03 NA NA NA 0
N03_N03 NA NA NA 0
N03_N03 NA 0.0524093 -0 0
N03_N03 NA NA NA NA
N03_N03 NA NA NA 0
N03_N03 NA 1.00824 9.02918e-13 0.237251152195918
N03_N03 NA 1.49598 4.56726e-12 0.40137396160459
N03_N03 NA 0.0174736 -0 0
N03_N03 NA NA NA NA
N03_N03 NA NA NA 0
N03_N03 NA NA NA 0
N03_N03 NA 0.019093 -0 0.0160833731134307
N03_N03 NA 0.0169445 -0 0
N03_N03 NA 0.198463 -0 0.0794675557218578
N03_N03 NA 0.0163379 -0 0
N03_N03 NA 0.071039 -0 0
N03_N03 NA 0.0124312 -0 0
N03_N03 NA 0.800888 2.54992e-12 0.225644523811375
N03_N03 0.00428599 0.0659862 0.0649529 0.0260005337409071
N03_N03 NA NA NA 0
N03_N03 NA NA NA 0
N03_N03 NA 0.0408527 -0 NA
N03_N03 NA 0.435565 4.16501e-12 0.148731107292484
N03_N03 NA NA NA 0
N03_N03 NA 0.067036 -0 0
N03_N03 NA 0.0219152 -0 0
N03_N03 NA 0.0609887 -0 0.034821846555871
N03_N03 NA NA NA 0
N03_N03 0.00182816 0.050864 0.035942 0.00831750837077616
N03_N03 NA 0.0231158 -0 0.00818037558116807
N03_N03 NA 0.01248 -0 0
N03_N03 NA 1.62462 6.68815e-12 0.345606884077853
N03_N03 NA 0.0360336 -0 0.0330787468943412
N03_N03 NA 0.0233364 -0 0.0166437512564242
N03_N03 NA 0.0171332 -0 0
N03_N03 NA NA NA 0
N03_N03 NA NA NA 0
N03_N03 NA 0.0402401 -0 0.0236863790499946
N03_N03 NA 0.0219152 -0 0
N03_N03 NA 0.0520731 -0 0
N03_N03 NA 0.095117 -0 0.0525647621729506
N03_N03 NA NA NA 0
N03_N03 NA 0.0486175 -0 0
N03_N03 0.00239626 0.0331087 0.0723754 0.010236332758174
N03_N03 NA 0.0112447 -0 0
N03_N03 NA NA NA NA
N03_N03 NA 0.832877 -0 0.150488314594379
N03_N03 NA NA NA 0
N03_N03 NA NA NA 0
N03_N03 NA NA NA 0
N03_N03 NA 0.0373437 -0 0.0248654004436527
N03_N03 NA 0.0645068 -0 0.0221549461281029
N03_N03 NA 0.0353295 -0 0.0221385751695706
N03_N03 NA 0.053509 -0 0
N03_N03 NA 0.067534 -0 0.0756295051122457
N03_N03 NA 0.045859 1.07508e-11 0
N03_N03 NA 0.0187787 -0 0.0160822628017617
N03_N03 NA 0.0115035 -0 0
N03_N03 NA 0.0160246 -0 0
N03_N03 NA NA NA 0
N03_N03 NA 0.00719653 -0 0.0160692259365973
N03_N03 NA 0.0262756 -0 0.0151030965806325
N03_N03 NA NA NA 0
N03_N03 NA 0.057304 -0 0
N03_N03 NA 0.0267929 -0 0
N03_N03 NA 0.0453951 -0 0.0192255893914954
N03_N03 NA 0.0312438 -0 0.0163307423220993
N03_N03 NA 0.0643111 -0 0.0184351423739455
N03_N03 NA 0.0131784 -0 0.0242929634988434
N03_N03 NA 0.0375703 -0 0
N03_N03 NA NA NA 0
N03_N03 NA 0.0815666 -0 0.0268982863981626
N03_N03 NA 0.0567038 -0 0
N03_N03 NA NA NA 0
N03_N03 NA 0.0648217 -0 0.0178069255486004
N03_N03 NA 0.040316 -0 0
N03_N03 NA NA NA 0
N03_N03 NA NA NA 0
N03_N03 NA 0.0250935 -0 0.0142422190491904
N03_N03 NA 0.0208065 -0 0.0140383811713398
N03_N03 NA NA NA 0
N03_N03 NA NA NA 0
N03_N03 NA 0.0565671 -0 0.00804994184844881
N03_N03 NA 0.00365923 -0 0
N03_N03 NA 0.0331444 -0 0.026170590976962
N03_N03 NA 0.0716784 -0 0
N03_N03 NA 0.0112299 -0 0
N03_N03 NA 0.023141 -0 NA
N03_N03 NA 0.08201 -0 0.0464262868794292
N03_N03 NA NA NA 0
N03_N03 NA 0.112427 -0 0.0674823564485165
N03_N03 NA 0.0530105 -0 0.0359438294950735
N03_N03 NA 0.0114336 -0 0
N03_N03 NA 0.0112443 -0 0
N03_N03 NA 0.0934457 -0 0
N03_N03 NA 0.0423756 -0 0
N03_N03 NA 0.0168078 -0 0.0135714474546251
N03_N03 NA 0.10121 -0 0
N03_N03 NA 0.114402 -0 0.018113402017192
N03_N03 NA 0.0720796 -0 0.0503301143102909
N03_N03 NA NA NA 0
N03_N03 NA 0.0329542 -0 0
N03_N03 0.00126817 0.00423686 0.299319 0
N03_N03 NA 0.110844 -0 0.0315352984369208
N03_N03 NA NA NA 0
N03_N03 NA 0.0159923 -0 0
N03_N03 NA 0.023586 -0 0
N03_N03 NA 0.0329771 -0 0
N03_N03 NA 0.0460864 -0 0
N03_N03 NA 0.0282874 -0 0
N03_N03 NA 0.105244 -0 0.050661615556443
N03_N03 NA 0.00734668 -0 0.0136547862877723
N03_N03 0.00183756 0.0470488 0.0390565 0.00679181118144028
N03_N03 NA 0.0190943 -0 0.020323252785655
N03_N03 NA 0.0147983 -0 0
N03_N03 NA 0.0936637 -0 0.0248911019556862
N03_N03 NA 0.0232217 -0 0
N03_N03 NA 0.159979 -0 0.0769114794086993
N03_N03 NA NA NA 0
N03_N03 NA NA NA 0
N03_N03 NA 0.0978842 -0 0.0374579498976254
N03_N03 NA 0.00754267 -0 0
N03_N03 NA 0.0337919 -0 0
N03_N03 NA NA NA 0
N03_N03 NA 0.0631393 -0 0.0320571240090563
N03_N03 0.00178639 0.0605425 0.0295064 0.0239646165941502
N03_N03 0.00178381 0.0353076 0.0505218 0.0069834664945635
N03_N03 NA 0.0927639 -0 0.0720073233224554
N03_N03 NA 0.0728234 -0 0.0348398395136262
N03_N03 NA NA NA 0
N03_N03 NA NA NA 0
N03_N03 NA NA NA 0
N03_N03 NA NA NA 0
N03_N03 NA 0.125079 -0 0.0337223987303115
N03_N03 NA 0.00934623 -0 0
N03_N03 NA 0.0432067 -0 0.00950218866861068
N03_N03 NA NA NA 0
N03_N03 NA NA NA NA
N03_N03 NA 0.0984337 -0 0.0756802403238465
N03_N03 NA NA NA 0
N03_N03 NA 0.0285788 -0 0.0146610746869143
N03_N03 NA 0.0415221 -0 0.0381237148323925
N03_N03 NA 0.0394846 -0 0.0199137606354408
N03_N03 NA 0.0634977 -0 0
N03_N03 NA 0.127218 -0 0
N03_N03 NA 0.0173443 -0 0.0300929539328887
N03_N03 NA 0.0975458 -0 0.0413284332759555
N03_N03 NA 0.0543694 -0 0.0279908354955719
N03_N03 NA 0.63033 3.11492e-12 0.163911229445844
N03_N03 NA NA NA 0
N03_N03 NA 0.00552242 -0 0
N03_N03 NA NA NA 0
N03_N03 NA NA NA 0
N03_N03 NA 0.00551272 -0 0
N03_N03 NA 0.0381409 -0 0
N03_N03 NA 0.0554836 -0 0.00898998920050257
N03_N03 NA 0.0812997 -0 0
N03_N03 NA 0.0105679 -0 0.0184352557605055
N03_N03 NA NA NA 0
N03_N03 NA NA NA NA
N03_N03 NA 0.386579 8.90438e-13 0.0933060101831824
N03_N03 0.00523483 NA NA 0
N03_N03 NA 0.0837565 -0 0.0258404116987547
N03_N03 NA 0.0403109 -0 0.0218677459132042
N03_N03 NA 0.0125202 -0 0
N03_N03 NA 0.0841301 -0 0.0268666411993378
N03_N03 NA 0.0063416 -0 0
N03_N03 NA 0.117212 -0 0.0833756417785068
N03_N03 NA 0.0113523 -0 0.0242651071224749
N03_N03 NA 0.0187276 -0 0
N03_N03 NA 0.393246 3.34086e-12 0.167756265619326
N03_N03 NA 0.0386686 -0 0.0823301444884278
N03_N03 NA 0.578097 -0 0.143155003740583
N03_N03 NA NA NA 0
N03_N03 NA NA NA 0
N03_N03 NA NA NA 0
N03_N03 NA 0.0542397 -0 0.0166227358864464
N03_N03 NA 0.0547958 -0 0
N03_N03 NA 0.00340891 -0 0
N03_N03 NA 0.0569574 -0 0
N03_N03 NA 0.0793061 -0 0
N03_N03 NA 0.0969416 -0 0
N03_N03 NA 0.0148786 -0 NA
N03_N03 NA 0.0147164 -0 0
N03_N03 NA 0.0211459 -0 0
N03_N03 NA 0.0167402 -0 0
N03_N03 NA NA NA 0
N03_N03 NA 0.0604273 -0 0.0412736732813517
N03_N03 NA 0.0143491 -0 0
N03_N03 NA 0.0178886 -0 0.0166019790406029
N03_N03 NA NA NA 0
N03_N03 NA NA NA 0
N03_N03 NA 0.07166 -0 0.0397293217934161
N03_N03 NA 0.0437274 -0 0
N03_N03 NA NA NA 0
N03_N03 NA 0.101094 -0 0.0268632581622263
N03_N03 NA 0.0169615 -0 NA
N03_N03 NA 0.0835681 -0 0.0374564409010461
N03_N03 NA 0.0380512 -0 0
N03_N03 NA 0.0229168 -0 0.0160707569967396
N03_N03 NA 0.0274234 -0 0
N03_N03 NA 0.00640098 -0 0
N03_N03 NA 3.21743 1.14717e-10 0.540533904845014
N03_N03 0.00170749 NA NA 0
N03_N03 NA NA NA 0
N03_N03 NA 0.0261222 -0 0.0495365624090751
N03_N03 NA 0.0509314 -0 0.0342892027465256
N03_N03 NA NA NA 0
N03_N03 NA 0.0571261 -0 0.0248761752047196
N03_N03 NA 0.0105126 -0 0
N03_N03 NA 0.0764873 -0 0.0436106206352328
N03_N03 NA 0.58926 3.5608e-12 0.163911229445844
N03_N03 NA NA NA 0
N03_N03 NA 0.0528337 -0 0.0473889367042941
N03_N03 NA NA NA 0
N03_N03 NA 0.00453906 -0 0
N03_N03 NA 0.591194 -0 0.149344211684927
N03_N03 NA 0.463189 -0 0.247130327134026
N03_N03 NA NA NA 0
N03_N03 NA 0.0566572 -0 0
N03_N03 NA NA NA 0
N03_N03 NA NA NA 0
N03_N03 NA 0.0335441 -0 0.0158155023573325
N03_N03 NA 0.0491164 -0 0
N03_N03 NA 0.0295161 -0 0
N03_N03 NA 0.0073146 -0 0
N03_N03 NA 0.0205937 -0 0
N03_N03 NA 0.0474117 -0 0.0138556476166577
N03_N03 NA 0.0252308 -0 0.00811436328954684
N03_N03 NA 0.0119138 -0 0.00580644807162496
N03_N03 NA NA NA 0
N03_N03 NA 0.0164958 -0 0
N03_N03 NA 1.45065 7.57882e-12 0.314393572979191
N03_N03 NA 0.00595682 -0 0
N03_N03 NA 0.0311379 -0 0
N03_N03 NA 0.00920271 -0 0
N03_N03 NA 0.00545253 -0 0
N03_N03 NA 0.0253873 -0 0.0203108141924496
N03_N03 NA 0.0110311 -0 0
N03_N03 NA 0.115835 -0 0.045044847421023
N03_N03 NA 0.121531 -0 0.0715453206467643
N03_N03 NA 0.01466 -0 0
N03_N03 NA 0.0541242 -0 0
N03_N03 NA 0.0324502 -0 0.0342984986416912
N03_N03 NA 0.0491611 -0 0.0305726545905267
N03_N03 NA 0.0194504 -0 0
N03_N03 NA NA NA NA
N03_N03 NA 0.0123435 -0 NA
N03_N03 NA NA NA 0
N03_N03 NA 0.0988846 -0 0.0637278277028556
N03_N03 NA 0.0541272 -0 0.018147677733609
N03_N03 NA 0.0175236 -0 0
N03_N03 NA 0.0549615 -0 0.0261649593562981
N03_N03 NA 0.124377 -0 0.0551538948878608
N03_N03 0.00176389 0.0964315 0.0182916 0.0170748221521036
N03_N03 NA 0.0552123 -0 0
N03_N03 NA NA NA 0
N03_N03 NA 0.0123227 -0 0
N03_N03 NA 0.110845 3.70506e-11 0.0315586859308503
N03_N03 NA 0.0425213 -0 0.0158518351599465
N03_N03 NA NA NA 0
N03_N03 NA 0.0780258 -0 0
N03_N03 NA NA NA 0
N03_N03 NA NA NA 0
N03_N03 NA 0.00991733 -0 0
N03_N03 NA NA NA 0
N03_N03 NA NA NA 0
N03_N03 NA NA NA NA
N03_N03 0.0013516 NA NA 0
N03_N03 NA 0.00978758 -0 0
N03_N03 NA 0.0277664 -0 0
N03_N03 NA 0.0643967 -0 0
N03_N03 NA 0.0384444 -0 0.0195160719289407
N03_N03 NA 0.204271 -0 0.0544285914527128
N03_N03 NA 0.129062 -0 NA
N03_N03 NA NA NA 0
N03_N03 0.0024268 0.0284748 0.0852262 0.0148846789275022
N03_N03 NA 0.0232346 -0 0.016888310765857
N03_N03 NA NA NA 0
N03_N03 NA 0.0206033 -0 0
N03_N03 NA 0.0725864 -0 0.033080239115245
N03_N03 NA 0.0719982 -0 0
N03_N03 NA NA NA 0
N03_N03 NA 0.0124301 -0 0
N03_N03 NA 0.0268855 -0 0
N03_N03 NA 0.0851374 -0 0.0412654351183627
N03_N03 NA NA NA 0
N03_N03 NA 1.28147 5.71589e-12 0.263696329693692
N03_N03 NA 0.130097 -0 0.0657070435486352
N03_N03 NA NA NA 0
N03_N03 NA 0.0706132 -0 0.0530421092968752
N03_N03 0.00160104 0.0202829 0.0789353 0.00811473986541693
N03_N03 NA 0.035467 -0 0.0168805147419667
N03_N03 NA NA NA 0
N03_N03 NA 0.0300941 -0 0.0112208467718965
N03_N03 NA NA NA 0
N03_N03 NA 0.0614661 -0 0
N03_N03 NA 0.0528683 -0 0.0330749566671048
N03_N03 NA 0.0160382 -0 0.0292304665417719
N03_N03 NA 0.867534 1.73524e-12 0.242371569917596
N03_N03 NA NA NA 0
N03_N03 NA 0.0483997 -0 0
N03_N03 NA 0.0252248 -0 0.010499751160372
N03_N03 NA 0.022024 -0 0
N03_N03 NA 0.0112598 -0 0
N03_N03 NA NA NA 0
N03_N03 NA 0.0355638 -0 0
N03_N03 NA 0.0327932 -0 0.0147678383961808
N03_N03 NA 0.0187895 -0 0
N03_N03 NA 0.093174 -0 0.0296377725665932
N03_N03 NA NA NA 0
N03_N03 NA NA NA 0
N03_N03 NA 0.0555826 -0 0.0533856955977993
N03_N03 NA 0.0814243 -0 0
N03_N03 0.0023473 0.0227469 0.103192 0.0160660678777782
N03_N03 NA 0.0439448 -0 0
N03_N03 NA 0.0538704 -0 0.0171866847896513
N03_N03 NA 0.00811003 -0 0
N03_N03 NA 3.06885 2.80204e-12 0.400960364486114
N03_N03 NA 0.0491802 -0 0.0456732966955303
N03_N03 NA NA NA 0
N03_N03 NA 0.060746 -0 0.0450435632475158
N03_N03 NA 0.11847 -0 0.0761832592517395
N03_N03 NA NA NA 0
N03_N03 NA 0.0347257 -0 0.0207446234770609
N03_N03 NA NA NA 0
N03_N03 0.00169224 0.0613581 0.0275797 0.0174736448325409
N03_N03 NA 0.0141965 -0 0.0268602785845348
N03_N03 NA 0.0232542 -0 0
N03_N03 NA 0.0697986 -0 0.0397505907702139
N03_N03 NA 0.0275124 -0 0.0177848512637444
N03_N03 NA 0.0200504 -0 0.0187830307540395
N03_N03 NA NA NA 0
N03_N03 NA 0.0190285 -0 0
N03_N03 NA NA NA 0
N03_N03 NA 0.0184901 -0 0.0396841791358541
N03_N03 0.00281749 0.0606075 0.0464875 0.0229945653016655
N03_N03 NA NA NA 0
N03_N03 NA 0.0093783 -0 0
N03_N03 NA 0.0443215 -0 0
N03_N03 NA 0.225117 -0 0.0368374554785073
N03_N03 NA 0.0190228 -0 0
N03_N03 NA 0.0383734 -0 NA
N03_N03 NA NA NA 0
N03_N03 NA 0.0247006 -0 0
N03_N03 NA 0.0319494 -0 0
N03_N03 NA NA NA 0
N03_N03 NA 0.0841219 -0 0
N03_N03 NA 0.0387037 -0 0.0819343508976535
N03_N03 NA NA NA NA
N03_N03 NA 0.0875435 -0 0.0231358778423518
N03_N03 NA 0.0105599 -0 0
N03_N03 NA NA NA 0
N03_N03 NA 0.113191 -0 0.0633071586523141
N03_N03 NA 0.0879075 -0 0.0550761444488489
N03_N03 NA NA NA 0
N03_N03 NA NA NA 0
N03_N03 NA 0.00991733 -0 0
N03_N03 NA 0.0115913 -0 0
N03_N03 NA NA NA 0
N03_N03 NA 0.0605042 -0 0.0327936686847224
N03_N03 NA 0.040498 -0 0
N03_N03 NA NA NA 0
N03_N03 NA 0.0280558 -0 0.0105267265964073
N03_N03 NA 1.2006 -0 0.225729692084103
N03_N03 NA 0.0940121 -0 0
N03_N03 NA 0.012487 -0 0
N03_N03 NA 0.0645962 -0 0
N03_N03 0.00208429 0.0749799 0.0277979 0.0219506417944939
N03_N03 NA NA NA 0
N03_N03 NA 0.813685 2.35754e-12 0.25337006822951
N03_N03 NA 0.0184147 -0 0.0191543657373149
N03_N03 NA NA NA 0
N03_N03 NA 0.0846322 -0 0.0331703853791921
N03_N03 NA 0.0370384 -0 0
N03_N03 NA NA NA 0
N03_N03 NA 0.0566376 -0 0
N03_N03 NA 0.0704197 -0 0
N03_N03 NA 0.103955 -0 0.0347962761542992
N03_N03 NA 0.0102626 -0 0.0248812625630475
N03_N03 NA 0.0795257 -0 0.0123720711283581
N03_N03 NA 0.00538153 -0 0.0100775157251355
N03_N03 NA NA NA 0
N03_N03 NA 0.0599843 -0 0
N03_N03 NA NA NA 0
N03_N03 NA NA NA 0
N03_N03 NA NA NA 0
N03_N03 NA 1.43514 -0 0.494979119687973
N03_N03 NA NA NA 0
N03_N03 NA NA NA 0
N03_N03 NA 0.042185 -0 0.0509150454709441
N03_N03 NA 2.11183 8.04643e-12 0.497987882149907
N03_N03 NA 0.0193215 -0 0
N03_N03 NA 0.109022 -0 0.0332624837100762
N03_N03 NA 0.0177882 -0 0
N03_N03 NA 0.0233011 -0 0.0450807264042137
N03_N03 NA 0.0408727 -0 0
N03_N03 NA 0.00900013 -0 0
N03_N03 NA 0.0617018 -0 0.0216484268907785
N03_N03 NA NA NA 0
N03_N03 NA 0.0641142 -0 0
N03_N03 NA NA NA 0
N03_N03 NA 0.0324667 -0 0
N03_N03 NA 0.306497 1.91067e-12 0.0626512441038984
N03_N03 NA 0.0453986 -0 0.0254898889107793
N03_N03 NA NA NA 0
N03_N03 NA 0.0252809 -0 0
N03_N03 NA 0.0108081 -0 0
N03_N03 NA 0.0157378 -0 0
N03_N03 NA 0.0776706 -0 0.0196111909340225
N03_N03 NA 0.0157101 -0 0
N03_N03 NA 0.0240405 -0 0.0093274261889979
N03_N03 NA NA NA NA
N03_N03 NA 0.0195279 -0 0.0342818896284686
N03_N03 NA 0.00833173 -0 0
N03_N03 NA 0.00661704 -0 0.0131209678579425
N03_N03 NA 0.0470993 -0 0
N03_N03 NA 0.070641 -0 0.0190190564953111
N03_N03 NA NA NA 0
N03_N03 NA NA NA 0
N03_N03 NA NA NA 0
N03_N03 NA 0.015966 -0 0.00792110004848283
N03_N03 NA 0.0328956 -0 0
N03_N03 NA NA NA 0
N03_N03 NA NA NA 0
N03_N03 0.00511422 0.00674414 0.758321 0
N03_N03 NA 0.120286 -0 NA
N03_N03 NA 0.111514 -0 0.052944559216807
N03_N03 NA NA NA 0
N03_N03 NA 0.0451936 -0 0.0239859475768358
N03_N03 NA 0.0590207 -0 0
N03_N03 NA 0.0353699 -0 0.0226198266967524
N03_N03 NA 0.0076387 -0 0
N03_N03 NA 0.0295825 -0 0
N03_N03 0.00189338 0.0561992 0.0336906 0.0282342254279507
N03_N03 0.00691093 0.0369069 0.187253 NA
N03_N03 NA 0.0427297 -0 0.0244498399309472
N03_N03 NA 0.0215723 -0 0
N03_N03 NA 0.0122033 -0 0
N03_N03 NA 0.100456 -0 0.0604739991425297
N03_N03 NA 2.15507 7.35227e-12 0.484057839998868
N03_N03 NA 0.10337 -0 0.0752847585867723
N03_N03 NA NA NA 0
N03_N03 NA 0.0603219 -0 0.0228677497509235
N03_N03 NA NA NA 0
N03_N03 0.00638289 0.0335027 0.190519 0
N03_N03 0.00666908 0.0554912 0.120183 0.0310379539870934
N03_N03 NA 0.00429323 -0 0.00825231388841208
N03_N03 NA 0.0149245 -0 0.0115979446366294
N03_N03 NA 0.0150027 -0 0
N03_N03 NA 0.0765167 -0 0.0181098530987453
N03_N03 NA 0.0780258 -0 0
N03_N03 NA 0.135003 -0 0.122743372699043
N03_N03 NA 0.0137711 -0 0
N03_N03 NA NA NA 0
N03_N03 NA 0.018318 -0 0
N03_N03 NA 0.0270005 -0 0
N03_N03 NA 0.00924512 -0 0.0195367543934501
N03_N03 NA 0.114006 -0 0.0507778638847043
N03_N03 NA NA NA 0
N03_N03 NA 0.52012 -0 0.174243066082323
N03_N03 NA NA NA 0
N03_N03 NA 0.0200497 -0 0.00792110004848283
N03_N03 NA NA NA 0
N03_N03 NA 0.0744492 -0 0
N03_N03 NA 0.0369745 -0 0.0105029046411358
N03_N03 NA NA NA 0
N03_N03 NA 0.254456 -0 0.0761017998164779
N03_N03 NA 0.0478551 -0 0.0234763720497152
N03_N03 NA 0.0222104 -0 0.0342351401567105
N03_N03 NA NA NA 0
N03_N03 NA 0.0115035 -0 0
N03_N03 NA 0.0415227 -0 0
N03_N03 NA 0.381542 1.56498e-12 0.0949302471739795
N03_N03 NA 0.159089 -0 0.0551617642056326
N03_N03 NA 0.0968649 -0 0.0396944846224624
N03_N03 NA 0.0167373 -0 0
N03_N03 NA NA NA NA
N03_N03 NA 0.0653478 -0 0
N03_N03 NA 0.0147528 -0 0
N03_N03 NA 0.111248 -0 0.0581843352737469
N03_N03 NA NA NA 0
N03_N03 NA 0.00758366 -0 0
N03_N03 NA 0.0115688 -0 0
N03_N03 NA NA NA 0
N03_N03 NA 0.00892773 -0 0
N03_N03 NA NA NA 0
N03_N03 NA 0.0115262 -0 0
N03_N03 NA NA NA 0
N03_N03 NA 0.0107557 -0 0.0107281440325939
N03_N03 NA 0.0134647 -0 0
N03_N03 NA NA NA 0
N03_N03 NA 0.0556377 -0 0.0221178489736028
N03_N03 NA 0.0115753 -0 0
N03_N03 NA 0.00647061 -0 0
N03_N03 NA 0.0985407 -0 0.0565265503950351
N03_N03 NA 0.56845 -0 0.289673898058004
N03_N03 0.00190893 0.0375601 0.0508233 0.0105043563293173
N03_N03 NA NA NA 0
N03_N03 NA NA NA 0
N03_N03 NA 0.0352818 -0 0
N03_N03 NA 0.0156175 -0 0
N03_N03 NA NA NA 0
N03_N03 NA 0.0937488 -0 0.0306210122771351
N03_N03 NA 0.0752382 -0 0
N03_N03 NA 0.0899633 -0 0.0231299709096087
N03_N03 NA 0.0310645 -0 0
N03_N03 NA 0.198157 -0 0.0396841791358541
N03_N03 NA 0.0764518 -0 0.0464676565700663
N03_N03 NA NA NA 0
N03_N03 NA 0.060058 -0 0.0293228325423354
N03_N03 NA 0.0532486 -0 0.0138577137928342
N03_N03 NA NA NA 0
N03_N03 0.0112117 0.0415516 0.269825 0.0136568892324921
N03_N03 NA 0.0132092 -0 0.0292248891536329
N03_N03 NA 0.0356764 -0 0.0148960440565072
N03_N03 NA 0.591194 -0 0.149344211684927
N03_N03 NA 0.0153906 -0 0
N03_N03 NA NA NA NA
N03_N03 NA 0.0341408 -0 0
N03_N03 NA 0.0579468 -0 0.0203977187190211
N03_N03 0.00629912 0.0544953 0.11559 0.0393972668739756
N03_N03 NA 0.0877907 -0 0
N03_N03 NA 0.077253 -0 0.0171703757710595
N03_N03 NA 1.03001 -0 0.185290970011209
N03_N03 NA 0.0901295 -0 0.0544516552878047
N03_N03 0.00646873 3.43281 0.00188438 0.886936639147367
N03_N03 NA 0.0421067 -0 0.045065213816728
N03_N03 NA 0.0230119 -0 0
N03_N03 NA 0.0199044 -0 0.0203343151788829
N03_N03 NA 0.0637143 -0 0.0345276221810409
N03_N03 NA 0.022588 -0 0
N03_N03 0.0009388 0.0675391 0.0139001 0.0311968648646996
N03_N03 NA 0.0734894 -0 0.0345110537337316
N03_N03 NA 0.0235673 -0 0.0158148109109665
N03_N03 NA 0.0133257 -0 0
N03_N03 NA 0.0904351 -0 0.0548892847442534
N03_N03 NA 0.01573 -0 0
N03_N03 NA 0.0304852 -0 0
N03_N03 NA 0.0378851 -0 0
N03_N03 NA 0.0331878 -0 0.0216615992042318
N03_N03 NA NA NA 0
N03_N03 NA 0.37079 -0 0.0367545993914811
N03_N03 NA 0.0937 -0 0.0280472031138169
N03_N03 NA 0.152884 -0 0.0272899126489501
N03_N03 NA 0.00831688 -0 0
N03_N03 NA 0.824028 4.35721e-13 0.151746693440373
N03_N03 NA 0.0450483 -0 0.00987952296855438
N03_N03 NA 0.0192202 -0 0
N03_N03 NA 0.0208881 -0 0
N03_N03 NA 0.108342 -0 0.0331010705182707
N03_N03 NA 0.0531434 -0 0.0292210253502807
N03_N03 NA 0.011228 -0 0.0231422706838175
N03_N03 NA 0.0799005 -0 0.0494715483849349
N03_N03 NA 0.024713 -0 0.0144471646207124
N03_N03 NA 0.0650871 -0 0.0177850271378906
N03_N03 NA 0.0327637 -0 0.0163309826497882
N03_N03 NA 0.0956858 -0 0.0895332319617216
N03_N03 NA 0.370108 -0 0.164792955944503
N03_N03 NA 0.545228 -0 0.130364252587741
N03_N03 NA 3.35362 9.72587e-11 0.499171155026173
N03_N03 NA 3.09734 2.08034e-09 0.501047779373759
N03_N03 NA NA NA 0
N03_N03 NA 0.0521332 -0 0.0142419609066044
N03_N03 NA 0.111248 -0 0.0581843352737469
N03_N03 NA NA NA 0
N03_N03 NA 0.0439448 -0 NA
N03_N03 NA 0.0111374 -0 0
N03_N03 NA 0.0607781 -0 0
N03_N03 NA 0.0940495 -0 0.0488812922020087
N03_N03 NA 0.103806 -0 0
N03_N03 NA 0.135535 -0 0.050738858741379
N03_N03 NA 0.0575324 -0 0.056391151056584
N03_N03 NA 0.391903 -0 0.127898940479537
N03_N03 NA 0.0172244 -0 0.0153277970638743
N03_N03 0.00184812 0.0309834 0.0596486 0.0101804758767062
N03_N03 NA NA NA 0
N03_N03 NA 0.0769539 -0 0.0348406305678358
